0,337
0,304
0,303
5,4
0,9
0,8
0,0
0,310
0,372
0,438
0,10
0,430
0,371
0,336
0,335
0,334
0,333
0,332
0,370
0,331
65,3
67,3
66,3
68,3
0,375
0,374
0,369
0,330
0,329
0,328
0,327
0,326
47,2
0,325
0,324
51,2
0,323
0,321
0,320
0,319
50,2
0,318
0,317
0,316
0,315
0,314
0,313
0,312
0,311
0,309
0,306
0,301
0,429
0,428
52,2
0,427
0,426
0,425
0,435
0,424
0,423
0,422
0,421
0,420
0,419
0,418
0,417
0,416
0,415
0,414
0,434
0,413
0,412
53,2
0,411
0,410
0,409
0,437
0,407
0,406
49,3
0,405
0,404
0,403
0,402
0,401
47,3
0,400
0,399
0,398
0,397
0,396
0,395
0,394
0,393
0,392
0,391
0,390
0,389
0,388
0,387
0,386
0,385
0,384
0,300
0,299
0,298
0,297
0,296
0,295
0,294
0,293
0,292
0,291
0,290
0,289
0,288
0,287
0,286
0,285
0,284
0,283
0,282
0,281
0,280
0,279
0,278
0,277
0,276
0,275
0,274
0,273
0,272
0,271
0,270
0,269
0,268
0,267
0,266
0,265
0,264
0,263
0,262
0,261
0,260
0,259
0,258
0,257
0,256
0,255
0,254
0,253
0,224
0,222
0,221
0,220
0,218
0,217
0,216
0,214
0,213
0,212
0,211
0,210
0,209
0,208
0,431
0,207
0,206
0,205
0,204
0,203
0,202
0,201
0,200
0,199
0,198
0,197
0,196
0,195
0,194
0,193
0,192
0,63
0,62
0,61
0,60
0,59
0,58
0,57
0,56
0,55
0,54
0,53
0,52
0,51
0,50
0,49
0,48
0,47
0,46
0,45
0,6
0,252
0,383
0,251
0,382
0,250
0,381
0,249
0,368
48,3
51,3
53,3
50,3
52,3
0,248
0,367
0,247
0,366
0,246
0,380
0,245
0,365
0,244
0,379
0,242
0,364
0,241
0,363
0,240
0,362
0,239
0,361
0,238
0,360
0,237
0,359
0,236
0,358
0,235
0,378
0,234
0,357
0,233
0,436
0,232
0,356
0,231
0,355
0,230
0,354
0,229
0,353
0,228
0,352
0,227
0,351
0,226
0,433
0,225
0,350
0,223
11,5
0,349
0,219
22,5
0,345
0,11
0,215
64,4
0,2
0,341
64,3
0,338
12,4
45,4
47,1
47,0
46,3
46,2
46,1
46,0
45,3
45,2
45,1
45,0
26,3
26,2
26,1
26,0
25,3
25,2
25,1
25,0
24,3
24,2
24,1
24,0
23,3
23,2
23,1
23,0
22,3
22,2
22,1
22,0
16,3
16,2
16,1
16,0
15,3
15,2
15,1
15,0
14,3
14,2
14,1
14,0
13,3
13,2
13,1
13,0
12,3
12,2
12,1
12,0
11,3
11,2
11,1
11,0
10,4
10,3
10,2
10,1
10,0
9,3
9,2
9,1
9,0
8,3
8,2
8,1
8,0
7,3
7,2
7,1
7,0
6,3
6,2
6,1
6,0
5,3
5,2
5,1
5,0
4,3
4,2
4,1
4,0
3,6
3,5
3,4
3,3
3,2
3,1
3,0
2,3
2,2
2,1
2,0
1,3
1,2
1,1
1,0
0,439
0,408
0,322
0,243
0,1
0,305
0,308
0,302
0,307
0,12
48,1
48,2
49,0
49,1
50,1
51,0
51,1
52,1
53,0
53,1
64,0
64,2
65,0
65,1
66,0
66,2
67,0
67,1
68,0
68,2
68,1
67,2
66,1
65,2
64,1
52,0
50,0
49,2
48,0
0,432
0,348
0,347
0,346
0,344
0,343
0,342
0,340
0,339
0,373
0,377
0,376
0,5
0,4
0,3
0,7
